[0, 1, 2, 3, 4, 5, 6, 7, 8, 9]
[9, 8, 7, 6, 5, 4, 3, 2, 1, 0]
[0, 8, 9, 5, 4, 3, 6, 2, 1, 7]
[6, 9, 2, 5, 8, 7, 4, 3, 1, 0]
[3, 2, 0, 8, 1, 7, 5, 6, 9, 4]
[0, 1, 2, 3, 4, 5, 6, 7, 8, 9, 10, 11, 12, 13, 14, 15, 16, 17, 18, 19]
[19, 18, 17, 16, 15, 14, 13, 12, 11, 10, 9, 8, 7, 6, 5, 4, 3, 2, 1, 0]
[17, 9, 3, 13, 4, 19, 8, 7, 0, 16, 2, 5, 6, 10, 11, 18, 1, 15, 14, 12]
[1, 6, 15, 2, 16, 18, 12, 9, 19, 0, 17, 3, 8, 5, 11, 14, 13, 4, 10, 7]
[10, 19, 5, 6, 3, 7, 17, 8, 0, 2, 11, 9, 1, 13, 4, 16, 15, 14, 18, 12]
[0, 1, 2, 3, 4, 5, 6, 7, 8, 9, 10, 11, 12, 13, 14, 15, 16, 17, 18, 19, 20, 21, 22, 23, 24, 25, 26, 27, 28, 29]
[29, 28, 27, 26, 25, 24, 23, 22, 21, 20, 19, 18, 17, 16, 15, 14, 13, 12, 11, 10, 9, 8, 7, 6, 5, 4, 3, 2, 1, 0]
[5, 0, 4, 8, 20, 23, 28, 12, 29, 16, 14, 2, 3, 15, 1, 6, 18, 26, 27, 10, 7, 19, 17, 24, 25, 22, 13, 9, 11, 21]
[2, 25, 4, 21, 7, 20, 17, 27, 6, 29, 11, 0, 1, 14, 8, 5, 18, 28, 23, 24, 19, 12, 9, 3, 10, 26, 22, 15, 13, 16]
[20, 7, 6, 3, 11, 16, 24, 28, 13, 17, 25, 19, 14, 10, 1, 15, 2, 18, 27, 5, 4, 9, 29, 26, 12, 8, 0, 23, 22, 21]
